1	768	Standard_A0	1	1047552	20480
2	1792	Standard_A1	1	1047552	71680
4	3584	Standard_A2	2	1047552	138240
8	7168	Standard_A3	4	1047552	291840
4	14336	Standard_A5	2	1047552	138240
16	14336	Standard_A4	8	1047552	619520
8	28672	Standard_A6	4	1047552	291840
16	57344	Standard_A7	8	1047552	619520
1	768	Basic_A0	1	1047552	20480
2	1792	Basic_A1	1	1047552	40960
4	3584	Basic_A2	2	1047552	61440
8	7168	Basic_A3	4	1047552	122880
16	14336	Basic_A4	8	1047552	245760
4	3584	Standard_D1_v2	1	1047552	51200
8	7168	Standard_D2_v2	2	1047552	102400
16	14336	Standard_D3_v2	4	1047552	204800
32	28672	Standard_D4_v2	8	1047552	409600
64	57344	Standard_D5_v2	16	1047552	819200
8	14336	Standard_D11_v2	2	1047552	102400
16	28672	Standard_D12_v2	4	1047552	204800
32	57344	Standard_D13_v2	8	1047552	409600
64	114688	Standard_D14_v2	16	1047552	819200
64	143360	Standard_D15_v2	20	1047552	286720
8	7168	Standard_D2_v2_Promo	2	1047552	102400
16	14336	Standard_D3_v2_Promo	4	1047552	204800
32	28672	Standard_D4_v2_Promo	8	1047552	409600
64	57344	Standard_D5_v2_Promo	16	1047552	819200
8	14336	Standard_D11_v2_Promo	2	1047552	102400
16	28672	Standard_D12_v2_Promo	4	1047552	204800
32	57344	Standard_D13_v2_Promo	8	1047552	409600
64	114688	Standard_D14_v2_Promo	16	1047552	819200
4	2048	Standard_F1	1	1047552	16384
8	4096	Standard_F2	2	1047552	32768
16	8192	Standard_F4	4	1047552	65536
32	16384	Standard_F8	8	1047552	131072
64	32768	Standard_F16	16	1047552	262144
2	2048	Standard_A1_v2	1	1047552	10240
4	16384	Standard_A2m_v2	2	1047552	20480
4	4096	Standard_A2_v2	2	1047552	20480
8	32768	Standard_A4m_v2	4	1047552	40960
8	8192	Standard_A4_v2	4	1047552	40960
16	65536	Standard_A8m_v2	8	1047552	81920
16	16384	Standard_A8_v2	8	1047552	81920
2	2048	Standard_B1ms	1	1047552	4096
2	1024	Standard_B1s	1	1047552	2048
4	8192	Standard_B2ms	2	1047552	16384
4	4096	Standard_B2s	2	1047552	8192
8	16384	Standard_B4ms	4	1047552	32768
16	32768	Standard_B8ms	8	1047552	65536
4	3584	Standard_DS1_v2	1	1047552	7168
8	7168	Standard_DS2_v2	2	1047552	14336
16	14336	Standard_DS3_v2	4	1047552	28672
32	28672	Standard_DS4_v2	8	1047552	57344
64	57344	Standard_DS5_v2	16	1047552	114688
8	14336	Standard_DS11-1_v2	2	1047552	28672
8	14336	Standard_DS11_v2	2	1047552	28672
16	28672	Standard_DS12-1_v2	4	1047552	57344
16	28672	Standard_DS12-2_v2	4	1047552	57344
16	28672	Standard_DS12_v2	4	1047552	57344
32	57344	Standard_DS13-2_v2	8	1047552	114688
32	57344	Standard_DS13-4_v2	8	1047552	114688
32	57344	Standard_DS13_v2	8	1047552	114688
64	114688	Standard_DS14-4_v2	16	1047552	229376
64	114688	Standard_DS14-8_v2	16	1047552	229376
64	114688	Standard_DS14_v2	16	1047552	229376
64	143360	Standard_DS15_v2	20	1047552	286720
8	7168	Standard_DS2_v2_Promo	2	1047552	14336
16	14336	Standard_DS3_v2_Promo	4	1047552	28672
32	28672	Standard_DS4_v2_Promo	8	1047552	57344
64	57344	Standard_DS5_v2_Promo	16	1047552	114688
8	14336	Standard_DS11_v2_Promo	2	1047552	28672
16	28672	Standard_DS12_v2_Promo	4	1047552	57344
32	57344	Standard_DS13_v2_Promo	8	1047552	114688
64	114688	Standard_DS14_v2_Promo	16	1047552	229376
4	2048	Standard_F1s	1	1047552	4096
8	4096	Standard_F2s	2	1047552	8192
16	8192	Standard_F4s	4	1047552	16384
32	16384	Standard_F8s	8	1047552	32768
64	32768	Standard_F16s	16	1047552	65536
4	8192	Standard_D2s_v3	2	1047552	16384
8	16384	Standard_D4s_v3	4	1047552	32768
16	32768	Standard_D8s_v3	8	1047552	65536
32	65536	Standard_D16s_v3	16	1047552	131072
32	131072	Standard_D32s_v3	32	1047552	262144
4	3584	Standard_D1	1	1047552	51200
8	7168	Standard_D2	2	1047552	102400
16	14336	Standard_D3	4	1047552	204800
32	28672	Standard_D4	8	1047552	409600
8	14336	Standard_D11	2	1047552	102400
16	28672	Standard_D12	4	1047552	204800
32	57344	Standard_D13	8	1047552	409600
64	114688	Standard_D14	16	1047552	819200
4	8192	Standard_D2_v3	2	1047552	51200
8	16384	Standard_D4_v3	4	1047552	102400
16	32768	Standard_D8_v3	8	1047552	204800
32	65636	Standard_D16_v3	16	1047552	409600
32	131072	Standard_D32_v3	32	1047552	819200
24	57344	Standard_NV6	6	1047552	389120
48	114688	Standard_NV12	12	1047552	696320
64	229376	Standard_NV24	24	1047552	1474560
4	3584	Standard_DS1	1	1047552	7168
8	7168	Standard_DS2	2	1047552	14336
16	14336	Standard_DS3	4	1047552	28672
32	28672	Standard_DS4	8	1047552	57344
8	14336	Standard_DS11	2	1047552	28672
16	28672	Standard_DS12	4	1047552	57344
32	57344	Standard_DS13	8	1047552	114688
64	114688	Standard_DS14	16	1047552	229376
4	4096	Standard_F2s_v2	2	1047552	16384
8	8192	Standard_F4s_v2	4	1047552	32768
16	16384	Standard_F8s_v2	8	1047552	65536
32	32768	Standard_F16s_v2	16	1047552	131072
32	65536	Standard_F32s_v2	32	1047552	262144
32	131072	Standard_F64s_v2	64	1047552	524288
32	147456	Standard_F72s_v2	72	1047552	589824
12	114688	Standard_NC6s_v3	6	1047552	344064
24	229376	Standard_NC12s_v3	12	1047552	688128
32	458752	Standard_NC24rs_v3	24	1047552	1376256
32	458752	Standard_NC24s_v3	24	1047552	1376256
24	57344	Standard_NC6	6	1047552	389120
48	114688	Standard_NC12	12	1047552	696320
64	229376	Standard_NC24	24	1047552	1474560
32	262144	Standard_D64_v3	64	1047552	1638400
32	262144	Standard_D64s_v3	64	1047552	524288
4	16384	Standard_E2_v3	2	1047552	51200
8	32768	Standard_E4_v3	4	1047552	102400
16	65536	Standard_E8_v3	8	1047552	204800
32	131072	Standard_E16_v3	16	1047552	409600
32	262144	Standard_E32_v3	32	1047552	819200
32	442368	Standard_E64i_v3	64	1047552	1638400
32	442368	Standard_E64_v3	64	1047552	1638400
4	16384	Standard_E2s_v3	2	1047552	32768
8	32768	Standard_E4-2s_v3	4	1047552	65536
8	32768	Standard_E4s_v3	4	1047552	65536
16	65536	Standard_E8-2s_v3	8	1047552	131072
16	65536	Standard_E8-4s_v3	8	1047552	131072
16	65536	Standard_E8s_v3	8	1047552	131072
32	131072	Standard_E16-4s_v3	16	1047552	262144
32	131072	Standard_E16-8s_v3	16	1047552	262144
32	131072	Standard_E16s_v3	16	1047552	262144
32	262144	Standard_E32-8s_v3	32	1047552	524288
32	262144	Standard_E32-16s_v3	32	1047552	524288
32	262144	Standard_E32s_v3	32	1047552	524288
32	442368	Standard_E64-16s_v3	64	1047552	884736
32	442368	Standard_E64-32s_v3	64	1047552	884736
32	442368	Standard_E64is_v3	64	1047552	884736
32	442368	Standard_E64s_v3	64	1047552	884736
64	229376	Standard_NC24r	24	1047552	1474560
32	57344	Standard_H8	8	1047552	1024000
64	114688	Standard_H16	16	1047552	2048000
32	114688	Standard_H8m	8	1047552	1024000
64	229376	Standard_H16m	16	1047552	2048000
64	114688	Standard_H16r	16	1047552	2048000
64	229376	Standard_H16mr	16	1047552	2048000
32	57344	Standard_A8	8	1047552	391168
64	114688	Standard_A9	16	1047552	391168
32	57344	Standard_A10	8	1047552	391168
64	114688	Standard_A11	16	1047552	391168
12	114688	Standard_NC6s_v2	6	1047552	344064
24	229376	Standard_NC12s_v2	12	1047552	688128
32	458752	Standard_NC24rs_v2	24	1047552	1376256
32	458752	Standard_NC24s_v2	24	1047552	1376256
