Standard_A11,16,112,64,1.4,2.16
Standard_A9,16,112,64,1.75,2.7
Standard_D14_v2,16,112,64,1.33,1.944
Standard_D16_v3,16,64.09765625,32,0.88,1.69
Standard_D5_v2,16,56,64,1.018,1.872
Standard_DS14,16,112,64,1.387,1.944
Standard_DS14_v2,16,112,64,1.33,1.944
Standard_DS5_v2,16,56,64,1.018,1.872
Standard_E16_v3,16,128,32,1.17,1.944
Standard_F16,16,32,64,0.876,1.645
Standard_F16s,16,32,64,0.876,1.645
Standard_H16,16,112,64,1.749,3.218
Standard_H16m,16,224,64,2.343,4.311
Standard_H16mr,16,224,64,2.577,4.742
Standard_H16r,16,112,64,1.924,3.54
